0,00 1,8163E05
0,44 1,7092E05
0,87 1,5493E05
1,31 1,6372E05
1,75 89681,00
2,19 94491,00
2,62 1,4685E05
3,06 53575,00
3,50 1,1214E06
3,94 1,4506E06
4,37 1,4971E06
4,81 1,4863E06
5,25 1,414E06
5,69 1,2507E06
6,12 1,1845E06
6,56 1,4097E06
7,00 1,5356E06
7,44 1,562E06
7,87 1,4145E06
8,31 5,5364E05
8,75 2,9979E05
9,19 5,2508E05
9,62 1,1734E06
10,06 1,3277E06
10,50 1,3446E06
10,94 1,2806E06
11,37 1,192E06
11,81 1,2232E06
12,25 1,3269E06
12,69 1,3848E06
13,12 1,3894E06
13,56 7,6488E05
14,00 97694,00
14,43 1,0229E06
14,87 1,1234E06
15,31 6,6468E05
15,75 3,1117E05
16,18 1,8748E05
16,62 1,6821E05
17,06 1,6645E05
17,50 1,6861E05
17,93 95406,00
18,37 24626,00
18,81 33959,00
19,25 64439,00
19,68 20944,00
20,12 10597,00
20,56 23825,00
21,00 69942,00
21,43 1,1893E05
21,87 1,5134E05
22,31 1,4178E05
22,75 1,2068E05
23,18 84812,00
23,62 89438,00
24,06 1,0054E05
24,50 1,1521E05
24,93 1,3538E05
25,37 1,2349E05
25,81 1,4237E05
26,25 1,7195E05
26,68 1,7531E05
27,12 1,9004E05
27,56 1,3519E05
28,00 1,2008E05
28,43 1,4102E05
28,87 1,6186E05
29,31 1,8653E05
29,74 1,6322E05
30,18 1,4806E05
30,62 1,1836E05
31,06 1,2893E05
31,49 1,4601E05
31,93 1,5599E05
32,37 1,8429E05
32,81 1,7928E05
33,24 1,5133E05
33,68 1,4186E05
34,12 1,3919E05
34,56 1,7155E05
34,99 1,6013E05
35,43 2,267E05
35,87 2,5416E05
36,31 2,319E05
36,74 2,4271E05
37,18 2,3592E05
37,62 2,356E05
38,06 2,9389E05
38,49 3,0787E05
38,93 2,528E05
39,37 2,2459E05
39,81 2,1359E05
40,24 2,1439E05
40,68 2,0745E05
41,12 1,8158E05
41,56 1,6387E05
41,99 1,4988E05
42,43 1,7419E05
42,87 1,8453E05
43,30 1,9073E05
43,74 1,9743E05
44,18 1,9894E05
44,62 1,8317E05
45,05 1,7431E05
45,49 2,2706E05
45,93 2,4645E05
46,37 1,9771E05
46,80 1,6389E05
47,24 1,5413E05
47,68 1,6124E05
48,12 1,8326E05
48,55 2,2297E05
48,99 1,9953E05
49,43 2,0248E05
49,87 2,0087E05
50,30 2,1322E05
50,74 2,3423E05
51,18 2,4349E05
51,62 2,2293E05
52,05 2,2456E05
52,49 2,328E05
52,93 2,1758E05
53,37 2,334E05
53,80 2,1841E05
54,24 1,7263E05
54,68 1,8866E05
55,12 1,8249E05
55,55 1,8192E05
55,99 1,5927E05
56,43 1,5727E05
56,87 1,3888E05
57,30 1,4235E05
57,74 1,4129E05
58,18 1,471E05
58,61 1,5617E05
59,05 1,5613E05
59,49 1,6566E05
59,93 2,025E05
60,36 2,2032E05
60,80 2,7477E05
61,24 1,8349E05
61,68 1,476E05
62,11 1,5092E05
62,55 1,7192E05
62,99 1,6181E05
63,43 2,5649E05
63,86 2,3459E05
64,30 2,0107E05
64,74 1,6133E05
65,18 1,355E05
65,61 1,5374E05
66,05 1,551E05
66,49 1,2802E05
66,93 1,4213E05
67,36 1,7722E05
67,80 1,5876E05
68,24 1,7389E05
68,68 2,4285E05
69,11 2,0992E05
69,55 1,8819E05
69,99 2,1617E05
70,43 2,0896E05
70,86 1,7298E05
71,30 1,8433E05
71,74 1,267E05
72,17 1,265E05
72,61 1,0543E05
73,05 1,2695E05
73,49 1,1482E05
73,92 1,0935E05
74,36 52701,00
74,80 30638,00
75,24 54507,00
75,67 79261,00
76,11 1,0141E05
76,55 45615,00
76,99 63445,00
77,42 93877,00
77,86 1,3456E05
78,30 1,0362E05
78,74 79381,00
79,17 87240,00
79,61 73013,00
80,05 1,0081E05
80,49 1,2748E05
80,92 1,5605E05
81,36 1,7139E05
81,80 1,5461E05
82,24 1,3982E05
82,67 1,4614E05
83,11 1,4352E05
83,55 1,1668E05
83,99 1,1567E05
84,42 1,0432E05
84,86 99056,00
85,30 93658,00
85,74 1,1948E05
86,17 1,8178E05
86,61 2,0389E05
87,05 2,5629E05
87,48 2,4016E05
87,92 2,2618E05
88,36 83270,00
88,80 71834,00
89,23 63777,00
89,67 80628,00
90,11 60583,00
90,55 75297,00
90,98 3,5053E05
91,42 9,7338E05
91,86 1,4256E06
92,30 1,484E06
92,73 1,4101E06
93,17 6,6576E05
93,61 1,4128E06
94,05 1,6054E06
94,48 1,6418E06
94,92 1,662E06
95,36 1,6647E06
95,80 1,6632E06
96,23 1,6607E06
96,67 1,6623E06
97,11 1,6615E06
97,55 1,6505E06
97,98 1,6151E06
98,42 1,5507E06
98,86 1,5127E06
99,30 1,5435E06
99,73 1,5113E06
100,20 1,3952E06
100,60 1,1612E06
101,00 6,3983E05
101,50 3,161E05
101,90 1,9521E05
102,40 78763,00
102,80 18939,00
103,20 10306,00
103,70 73984,00
104,10 1,8486E05
104,50 4,6444E05
105,00 7,5497E05
105,40 8,8446E05
105,90 8,6908E05
106,30 9,8389E05
106,70 1,1692E06
107,20 1,2258E06
107,60 1,2918E06
108,00 1,3011E06
108,50 1,3337E06
108,90 1,3438E06
109,40 1,3749E06
109,80 1,4246E06
110,20 1,467E06
110,70 1,495E06
111,10 1,5207E06
111,50 1,5563E06
112,00 1,5668E06
112,40 1,5901E06
112,90 1,5938E06
113,30 1,5968E06
113,70 1,5986E06
114,20 1,5976E06
114,60 1,6025E06
115,00 1,6039E06
115,50 1,6059E06
115,90 1,6021E06
116,40 1,6058E06
116,80 1,6077E06
117,20 1,6057E06
117,70 1,6034E06
118,10 1,6002E06
118,50 1,5953E06
119,00 1,5799E06
119,40 1,574E06
119,90 1,5606E06
120,30 1,5539E06
120,70 1,5522E06
121,20 1,5541E06
121,60 1,5532E06
122,00 1,5438E06
122,50 1,5374E06
122,90 1,5363E06
123,40 1,5323E06
123,80 1,5311E06
124,20 1,5079E06
124,70 1,5159E06
125,10 1,4901E06
125,50 1,482E06
126,00 1,4626E06
126,40 1,4761E06
126,90 1,4774E06
127,30 1,4696E06
127,70 1,4674E06
128,20 1,4566E06
128,60 1,4302E06
129,00 1,383E06
129,50 1,3439E06
129,90 1,2543E06
130,40 1,079E06
130,80 7,855E05
131,20 6,4924E05
131,70 6,1996E05
132,10 5,7374E05
132,50 5,3547E05
133,00 3,4901E05
133,40 3,025E05
133,90 2,9047E05
134,30 3,4526E05
134,70 3,2254E05
135,20 3,2787E05
135,60 3,2497E05
136,00 3,2679E05
136,50 3,4528E05
136,90 3,2219E05
137,40 2,9853E05
137,80 2,8036E05
138,20 2,6836E05
138,70 2,651E05
139,10 2,8243E05
139,50 2,7858E05
140,00 2,8445E05
140,40 2,6934E05
140,90 2,4806E05
141,30 2,3342E05
141,70 2,4775E05
142,20 2,2505E05
142,60 2,4679E05
143,00 2,761E05
143,50 2,6039E05
143,90 2,6668E05
144,30 2,309E05
144,80 2,1971E05
145,20 2,4671E05
145,70 2,5141E05
146,10 2,3807E05
146,50 2,5466E05
147,00 2,6486E05
147,40 2,5186E05
147,80 2,1725E05
148,30 2,1837E05
148,70 2,248E05
149,20 2,1729E05
149,60 2,1844E05
150,00 2,0348E05
150,50 2,2371E05
150,90 1,9237E05
151,30 1,8026E05
151,80 2,031E05
152,20 1,9599E05
152,70 1,8027E05
153,10 1,5788E05
153,50 1,6058E05
154,00 1,4947E05
154,40 1,244E05
154,80 95597,00
155,30 98093,00
155,70 1,2288E05
156,20 1,4829E05
156,60 1,9925E05
157,00 2,2085E05
157,50 2,4116E05
157,90 2,7684E05
158,30 3,1041E05
158,80 2,8612E05
159,20 1,9825E05
159,70 1,7468E05
160,10 1,721E05
160,50 2,2417E05
161,00 1,6539E05
161,40 1,4651E05
161,80 1,5072E05
162,30 1,5038E05
162,70 1,3474E05
163,20 1,3203E05
163,60 1,3288E05
164,00 1,2269E05
164,50 1,121E05
164,90 86560,00
165,30 91551,00
165,80 1,1199E05
166,20 81471,00
166,70 89235,00
167,10 94116,00
167,50 94050,00
168,00 87005,00
168,40 98372,00
168,80 1,1633E05
169,30 1,077E05
169,70 1,0236E05
170,20 1,1192E05
170,60 1,3036E05
171,00 1,0369E05
171,50 1,0616E05
171,90 1,0397E05
172,30 82920,00
172,80 81375,00
173,20 98904,00
173,70 90754,00
174,10 1,0353E05
174,50 1,3519E05
175,00 1,168E05
175,40 92906,00
175,80 62584,00
176,30 43426,00
176,70 23165,00
177,20 20429,00
177,60 10549,00
178,00 8026,00
178,50 9294,30
178,90 50886,00
179,30 1,0232E05
179,80 1,2476E05
180,20 1,6234E05
180,70 1,4038E05
181,10 57774,00
181,50 85510,00
182,00 2,6745E05
182,40 2,6778E05
182,80 2,4759E05
183,30 1,8922E05
183,70 57990,00
184,20 41664,00
184,60 3,5076E05
185,00 8,7921E05
185,50 1,3695E06
185,90 1,5295E06
186,30 1,5555E06
186,80 1,5511E06
187,20 1,5003E06
187,70 1,352E06
188,10 8,8227E05
188,50 5,9303E05
189,00 7,2537E05
189,40 9,898E05
189,80 1,1516E06
190,30 1,2289E06
190,70 1,1994E06
191,20 1,2241E06
191,60 1,3666E06
192,00 1,4908E06
192,50 1,5609E06
192,90 1,5752E06
193,30 1,5699E06
193,80 1,5016E06
194,20 1,3022E06
194,70 6,6779E05
195,10 2,1947E05
195,50 46107,00
196,00 3751,80
196,40 19791,00
196,80 37863,00
197,30 1,0746E05
197,70 1,6993E05
198,20 2,3133E05
198,60 2,6816E05
199,00 3,0968E05
199,50 2,9315E05
199,90 2,7989E05
200,30 3,0032E05
200,80 3,3947E05
201,20 4,0474E05
201,70 4,6993E05
202,10 6,2364E05
202,50 7,207E05
203,00 7,9022E05
203,40 8,6796E05
203,80 1,0304E06
204,30 1,1861E06
204,70 1,2608E06
205,20 1,3473E06
205,60 1,3891E06
206,00 1,4329E06
206,50 1,4636E06
206,90 1,4858E06
207,30 1,5066E06
207,80 1,5318E06
208,20 1,5457E06
208,70 1,5556E06
209,10 1,5778E06
209,50 1,5905E06
210,00 1,5969E06
210,40 1,6078E06
210,80 1,6138E06
211,30 1,6216E06
211,70 1,6254E06
212,20 1,6295E06
212,60 1,6348E06
213,00 1,6375E06
213,50 1,6423E06
213,90 1,6497E06
214,30 1,6506E06
214,80 1,6544E06
215,20 1,6552E06
215,70 1,6607E06
216,10 1,658E06
216,50 1,6643E06
217,00 1,6677E06
217,40 1,6685E06
217,80 1,6704E06
218,30 1,6688E06
218,70 1,6715E06
219,10 1,6718E06
219,60 1,6744E06
220,00 1,6735E06
220,50 1,6762E06
220,90 1,6759E06
221,30 1,6757E06
221,80 1,676E06
222,20 1,6765E06
222,60 1,6779E06
223,10 1,6793E06
223,50 1,6792E06
224,00 1,6794E06
224,40 1,6792E06
224,80 1,6798E06
225,30 1,6792E06
225,70 1,6795E06
226,10 1,6795E06
226,60 1,6815E06
227,00 1,6797E06
227,50 1,6801E06
227,90 1,6788E06
228,30 1,6799E06
228,80 1,6785E06
229,20 1,6792E06
229,60 1,6788E06
230,10 1,6793E06
230,50 1,6789E06
231,00 1,6786E06
231,40 1,6767E06
231,80 1,6773E06
232,30 1,6776E06
232,70 1,6778E06
233,10 1,6764E06
233,60 1,6773E06
234,00 1,6753E06
234,50 1,6755E06
234,90 1,6766E06
235,30 1,6748E06
235,80 1,674E06
236,20 1,6739E06
236,60 1,6761E06
237,10 1,6732E06
237,50 1,6732E06
238,00 1,6758E06
238,40 1,6724E06
238,80 1,673E06
239,30 1,6745E06
239,70 1,6694E06
240,10 1,6665E06
240,60 1,6702E06
241,00 1,6662E06
241,50 1,66E06
241,90 1,6604E06
242,30 1,6586E06
242,80 1,6581E06
243,20 1,6487E06
243,60 1,6429E06
244,10 1,6394E06
244,50 1,6461E06
245,00 1,631E06
245,40 1,6251E06
245,80 1,6307E06
246,30 1,6206E06
246,70 1,6171E06
247,10 1,611E06
247,60 1,6104E06
248,00 1,6136E06
248,50 1,6075E06
248,90 1,6016E06
249,30 1,602E06
249,80 1,6088E06
250,20 1,5974E06
250,60 1,5867E06
251,10 1,584E06
251,50 1,5843E06
252,00 1,5743E06
252,40 1,5648E06
252,80 1,56E06
253,30 1,5602E06
253,70 1,5452E06
254,10 1,5194E06
254,60 1,5163E06
255,00 1,5049E06
255,50 1,4634E06
255,90 1,4415E06
256,30 1,4469E06
256,80 1,4225E06
257,20 1,3753E06
257,60 1,3125E06
258,10 1,2758E06
258,50 1,2471E06
259,00 1,2259E06
259,40 1,0762E06
259,80 1,022E06
260,30 1,0103E06
260,70 9,9714E05
261,10 9,1492E05
261,60 8,9728E05
262,00 9,6195E05
262,50 9,2568E05
262,90 8,5835E05
263,30 8,2284E05
263,80 8,9687E05
264,20 9,193E05
264,60 8,5817E05
265,10 8,4807E05
265,50 8,514E05
266,00 8,2714E05
266,40 7,613E05
266,80 6,962E05
267,30 6,7129E05
267,70 6,5446E05
268,10 5,62E05
268,60 4,6766E05
269,00 4,1272E05
269,50 3,5174E05
269,90 3,2603E05
270,30 3,5628E05
270,80 4,2347E05
271,20 3,6041E05
271,60 2,6433E05
272,10 2,0283E05
272,50 1,501E05
273,00 1,0854E05
273,40 72023,00
273,80 1,089E05
274,30 3,6805E05
274,70 9,1488E05
275,10 1,4109E06
275,60 1,524E06
276,00 1,5309E06
276,50 1,4899E06
276,90 1,25E06
277,30 5,8701E05
277,80 8,7269E05
278,20 1,4864E06
278,60 1,6029E06
279,10 1,6429E06
279,50 1,659E06
280,00 1,6634E06
280,40 1,6573E06
280,80 1,6402E06
281,30 1,5821E06
281,70 1,4979E06
282,10 1,5121E06
282,60 1,5637E06
283,00 1,5828E06
283,50 1,5785E06
283,90 1,5607E06
284,30 1,514E06
284,80 1,3759E06
285,20 9,3429E05
285,60 3,2116E05
286,10 56328,00
286,50 50188,00
287,00 92486,00
287,40 1,9921E05
287,80 3,2339E05
288,30 4,2721E05
288,70 5,1994E05
289,10 5,1214E05
289,60 5,1702E05
290,00 5,3109E05
290,40 5,3761E05
290,90 5,9674E05
291,30 6,6989E05
291,80 7,759E05
292,20 8,4468E05
292,60 9,4621E05
293,10 1,0168E06
293,50 1,0929E06
293,90 1,1683E06
294,40 1,2529E06
294,80 1,3065E06
295,30 1,3295E06
295,70 1,3648E06
296,10 1,4112E06
296,60 1,4203E06
297,00 1,4249E06
297,40 1,455E06
297,90 1,452E06
298,30 1,4608E06
298,80 1,4735E06
299,20 1,4932E06
299,60 1,5079E06
300,10 1,5103E06
300,50 1,5247E06
300,90 1,5127E06
301,40 1,5207E06
301,80 1,5241E06
302,30 1,5253E06
302,70 1,5299E06
303,10 1,5502E06
303,60 1,5466E06
304,00 1,5576E06
304,40 1,571E06
304,90 1,5833E06
305,30 1,5936E06
305,80 1,5885E06
306,20 1,5988E06
306,60 1,6089E06
307,10 1,6169E06
307,50 1,6196E06
307,90 1,6248E06
308,40 1,6249E06
308,80 1,6313E06
309,30 1,633E06
309,70 1,6359E06
310,10 1,6449E06
310,60 1,6406E06
311,00 1,6439E06
311,40 1,6451E06
311,90 1,6461E06
312,30 1,647E06
312,80 1,6424E06
313,20 1,6448E06
313,60 1,6458E06
314,10 1,644E06
314,50 1,6426E06
314,90 1,6437E06
315,40 1,6449E06
315,80 1,6473E06
316,30 1,6451E06
316,70 1,6445E06
317,10 1,6497E06
317,60 1,6487E06
318,00 1,6552E06
318,40 1,6573E06
318,90 1,6567E06
319,30 1,6565E06
319,80 1,659E06
320,20 1,6564E06
320,60 1,6568E06
321,10 1,6635E06
321,50 1,6596E06
321,90 1,6662E06
322,40 1,6597E06
322,80 1,6628E06
323,30 1,6646E06
323,70 1,6589E06
324,10 1,6627E06
324,60 1,6608E06
325,00 1,6617E06
325,40 1,6559E06
325,90 1,6603E06
326,30 1,6609E06
326,80 1,6546E06
327,20 1,6537E06
327,60 1,6501E06
328,10 1,6517E06
328,50 1,6557E06
328,90 1,6519E06
329,40 1,6451E06
329,80 1,6453E06
330,30 1,6408E06
330,70 1,6415E06
331,10 1,647E06
331,60 1,6391E06
332,00 1,6435E06
332,40 1,6422E06
332,90 1,6403E06
333,30 1,6419E06
333,80 1,6405E06
334,20 1,637E06
334,60 1,6335E06
335,10 1,6344E06
335,50 1,6345E06
335,90 1,6347E06
336,40 1,6286E06
336,80 1,6264E06
337,30 1,6248E06
337,70 1,6173E06
338,10 1,612E06
338,60 1,6128E06
339,00 1,6049E06
339,40 1,5934E06
339,90 1,5845E06
340,30 1,5712E06
340,80 1,5656E06
341,20 1,549E06
341,60 1,5385E06
342,10 1,5266E06
342,50 1,5205E06
342,90 1,5042E06
343,40 1,4995E06
343,80 1,4713E06
344,30 1,4537E06
344,70 1,4391E06
345,10 1,4135E06
345,60 1,3935E06
346,00 1,3788E06
346,40 1,3707E06
346,90 1,3416E06
347,30 1,3381E06
347,80 1,3421E06
348,20 1,3152E06
348,60 1,299E06
349,10 1,2818E06
349,50 1,2681E06
349,90 1,2202E06
350,40 1,1623E06
350,80 1,1071E06
351,30 1,0777E06
351,70 9,9358E05
352,10 9,266E05
352,60 9,0008E05
353,00 8,0934E05
353,40 7,7655E05
353,90 7,291E05
354,30 6,5682E05
354,80 5,8518E05
355,20 5,4269E05
355,60 4,9877E05
356,10 4,9127E05
356,50 4,3117E05
356,90 4,1322E05
357,40 3,2046E05
357,80 2,5556E05
358,30 2,3507E05
358,70 2,0063E05
359,10 1,8579E05
359,60 1,8991E05
