0,00 14578,00
0,15 12366,00
0,29 13823,00
0,44 15143,00
0,58 13574,00
0,73 13806,00
0,87 12078,00
1,02 10047,00
1,16 6186,10
1,31 8331,60
1,46 6273,50
1,60 6814,20
1,75 5115,40
1,89 6638,10
2,04 3935,40
2,18 4732,20
2,33 3544,30
2,47 3325,60
2,62 4034,20
2,76 3416,60
2,91 5161,00
3,06 3086,10
3,20 7190,90
3,35 7526,40
3,49 7247,10
3,64 9551,80
3,78 11884,00
3,93 7736,20
4,07 8987,20
4,22 14090,00
4,37 9082,10
4,51 8295,70
4,66 12192,00
4,80 9500,90
4,95 11474,00
5,09 18444,00
5,24 9060,30
5,38 7676,20
5,53 6584,70
5,68 7198,20
5,82 7084,20
5,97 10993,00
6,11 9453,60
6,26 15807,00
6,40 13449,00
6,55 11420,00
6,69 12218,00
6,84 10009,00
6,98 7984,80
7,13 9638,60
7,28 9613,40
7,42 11093,00
7,57 13141,00
7,71 14588,00
7,86 14167,00
8,00 12415,00
8,15 12060,00
8,29 12828,00
8,44 8492,60
8,59 9137,10
8,73 13715,00
8,88 10187,00
9,02 13305,00
9,17 15152,00
9,31 15812,00
9,46 11227,00
9,60 8553,10
9,75 6129,50
9,89 5716,30
10,04 5029,70
10,19 4502,10
10,33 3677,90
10,48 4703,40
10,62 3670,30
10,77 6070,30
10,91 8437,90
11,06 9464,60
11,20 11551,00
11,35 12142,00
11,50 9222,60
11,64 6471,90
11,79 5933,40
11,93 7693,00
12,08 7335,20
12,22 6108,20
12,37 4393,20
12,51 5827,00
12,66 3775,20
12,81 4829,40
12,95 6973,20
13,10 7380,60
13,24 7334,30
13,39 7758,90
13,53 6885,30
13,68 4496,60
13,82 6481,10
13,97 7532,90
14,11 8574,10
14,26 5595,30
14,41 5479,60
14,55 6732,90
14,70 5164,40
14,84 7093,20
14,99 5478,70
15,13 6483,00
15,28 4227,60
15,42 4415,90
15,57 6244,50
15,72 5554,50
15,86 7607,40
16,01 9622,70
16,15 8185,70
16,30 12986,00
16,44 8768,10
16,59 8295,30
16,73 13948,00
16,88 11872,00
17,03 11833,00
17,17 7971,00
17,32 8842,10
17,46 7957,00
17,61 7604,60
17,75 11239,00
17,90 10334,00
18,04 12378,00
18,19 10589,00
18,33 13211,00
18,48 15653,00
18,63 9594,40
18,77 13490,00
18,92 9635,10
19,06 11433,00
19,21 14339,00
19,35 11079,00
19,50 12758,00
19,64 16565,00
19,79 14931,00
19,94 11233,00
20,08 8489,00
20,23 2777,40
20,37 2005,60
20,52 2537,80
20,66 3352,70
20,81 3669,80
20,95 3739,80
21,10 3643,60
21,24 4515,60
21,39 3910,90
21,54 5434,90
21,68 1953,00
21,83 2704,30
21,97 4894,30
22,12 2918,00
22,26 2518,70
22,41 5032,90
22,55 7989,60
22,70 6098,30
22,85 9429,40
22,99 12480,00
23,14 11608,00
23,28 8439,50
23,43 8472,10
23,57 6430,70
23,72 6530,30
23,86 5067,80
24,01 5393,70
24,16 6245,50
24,30 4115,50
24,45 5596,40
24,59 5449,80
24,74 5956,40
24,88 6805,40
25,03 7267,70
25,17 9943,10
25,32 12674,00
25,46 11855,00
25,61 20344,00
25,76 21374,00
25,90 19275,00
26,05 17373,00
26,19 17952,00
26,34 14839,00
26,48 9000,00
26,63 7570,30
26,77 10297,00
26,92 3786,40
27,07 3690,80
27,21 4795,90
27,36 3059,10
27,50 8473,20
27,65 10764,00
27,79 9435,30
27,94 13565,00
28,08 15706,00
28,23 17277,00
28,38 13431,00
28,52 16527,00
28,67 16103,00
28,81 14377,00
28,96 12998,00
29,10 13778,00
29,25 13984,00
29,39 9546,10
29,54 11335,00
29,68 12091,00
29,83 12777,00
29,98 13688,00
30,12 9230,20
30,27 8290,90
30,41 7471,90
30,56 5242,00
30,70 5127,00
30,85 3411,80
30,99 4291,20
31,14 4098,40
31,29 7974,00
31,43 11219,00
31,58 11094,00
31,72 8521,40
31,87 9358,90
32,01 7290,30
32,16 4902,40
32,30 6292,70
32,45 4523,00
32,59 4633,20
32,74 6014,00
32,89 7864,20
33,03 9797,30
33,18 17375,00
33,32 16589,00
33,47 19788,00
33,61 23922,00
33,76 22386,00
33,90 24017,00
34,05 21536,00
34,20 14991,00
34,34 8595,10
34,49 5687,70
34,63 4740,40
34,78 4274,10
34,92 5351,60
35,07 5026,20
35,21 3711,60
35,36 4041,80
35,51 8992,00
35,65 7128,60
35,80 5360,00
35,94 13531,00
36,09 8138,20
36,23 7126,80
36,38 5294,10
36,52 5393,40
36,67 9400,00
36,81 7412,40
36,96 8469,20
37,11 2332,30
37,25 2017,80
37,40 3643,00
37,54 4450,10
37,69 10586,00
37,83 13163,00
37,98 17547,00
38,12 17092,00
38,27 19336,00
38,42 11585,00
38,56 7340,70
38,71 4245,80
38,85 4518,40
39,00 2089,00
39,14 1767,20
39,29 2359,90
39,43 5076,60
39,58 6377,00
39,73 7458,90
39,87 7850,90
40,02 10352,00
40,16 13389,00
40,31 15270,00
40,45 16639,00
40,60 10662,00
40,74 10019,00
40,89 15074,00
41,03 10589,00
41,18 11065,00
41,33 11084,00
41,47 10002,00
41,62 14413,00
41,76 13387,00
41,91 12723,00
42,05 12311,00
42,20 9927,00
42,34 8562,80
42,49 6965,50
42,64 9394,10
42,78 7938,10
42,93 9180,00
43,07 6529,50
43,22 8770,60
43,36 7018,30
43,51 7050,90
43,65 6488,10
43,80 8296,70
43,95 4548,50
44,09 4438,90
44,24 4416,00
44,38 5089,70
44,53 5331,00
44,67 2702,30
44,82 2264,50
44,96 1797,30
45,11 3621,40
45,25 2310,90
45,40 3609,80
45,55 3133,80
45,69 2755,40
45,84 3125,70
45,98 6632,50
46,13 6502,10
46,27 9424,60
46,42 9026,70
46,56 11157,00
46,71 7671,50
46,86 10462,00
47,00 9014,70
47,15 6530,70
47,29 11548,00
47,44 5155,80
47,58 8586,50
47,73 8933,00
47,87 6361,00
48,02 4590,80
48,16 6705,30
48,31 3109,70
48,46 1954,40
48,60 2102,80
48,75 2247,90
48,89 2737,20
49,04 2680,00
49,18 3074,60
49,33 2293,00
49,47 2451,50
49,62 3748,90
49,77 3123,50
49,91 3860,50
50,06 5342,50
50,20 5861,30
50,35 4658,20
50,49 5828,40
50,64 4278,20
50,78 5593,40
50,93 6499,00
51,08 8183,40
51,22 8407,60
51,37 10349,00
51,51 6891,70
51,66 10001,00
51,80 8642,00
51,95 7932,60
52,09 10258,00
52,24 5937,80
52,38 7573,70
52,53 7310,60
52,68 6296,10
52,82 6105,40
52,97 6125,10
53,11 8375,20
53,26 9568,10
53,40 10652,00
53,55 7825,00
53,69 12519,00
53,84 14197,00
53,99 10217,00
54,13 10841,00
54,28 12395,00
54,42 8853,60
54,57 15700,00
54,71 11793,00
54,86 15044,00
55,00 14373,00
55,15 16204,00
55,30 7607,10
55,44 3562,20
55,59 7785,00
55,73 3139,80
55,88 2225,10
56,02 2604,10
56,17 2278,30
56,31 2873,80
56,46 3431,20
56,60 3143,60
56,75 3721,80
56,90 3843,80
57,04 4237,90
57,19 4918,10
57,33 7119,40
57,48 5863,00
57,62 7440,80
57,77 8323,60
57,91 9153,80
58,06 9929,40
58,21 11467,00
58,35 9316,50
58,50 12945,00
58,64 12308,00
58,79 13266,00
58,93 11406,00
59,08 13487,00
59,22 16476,00
59,37 12728,00
59,51 14182,00
59,66 13827,00
59,81 20021,00
59,95 18750,00
60,10 15745,00
60,24 14822,00
60,39 14639,00
60,53 12419,00
60,68 11093,00
60,82 10238,00
60,97 13241,00
61,12 12399,00
61,26 14602,00
61,41 11684,00
61,55 9112,00
61,70 8807,60
61,84 8243,30
61,99 13304,00
62,13 11981,00
62,28 8234,40
62,43 8272,50
62,57 9208,30
62,72 6690,50
62,86 9859,80
63,01 10663,00
63,15 15768,00
63,30 18432,00
63,44 18593,00
63,59 14871,00
63,73 8783,90
63,88 8637,70
64,03 6833,10
64,17 10657,00
64,32 10950,00
64,46 18338,00
64,61 20180,00
64,75 18185,00
64,90 11199,00
65,04 4188,90
65,19 4022,40
65,34 4190,60
65,48 3344,20
65,63 12338,00
65,77 17758,00
65,92 19053,00
66,06 18769,00
66,21 8091,30
66,35 9401,20
66,50 3386,90
66,65 3687,70
66,79 4322,60
66,94 3534,50
67,08 4648,10
67,23 7635,90
67,37 12447,00
67,52 15825,00
67,66 15258,00
67,81 19583,00
67,95 10271,00
68,10 8536,00
68,25 9009,40
68,39 7986,60
68,54 14439,00
68,68 20623,00
68,83 23997,00
68,97 34214,00
69,12 25445,00
69,26 24842,00
69,41 23040,00
69,56 24930,00
69,70 25527,00
69,85 23636,00
69,99 28905,00
70,14 30625,00
70,28 38319,00
70,43 32467,00
70,57 32381,00
70,72 31044,00
70,86 27105,00
71,01 23644,00
71,16 26074,00
71,30 29732,00
71,45 35501,00
71,59 30925,00
71,74 31662,00
71,88 32338,00
72,03 27206,00
72,17 26901,00
72,32 29188,00
72,47 26563,00
72,61 26179,00
72,76 20100,00
72,90 21554,00
73,05 25997,00
73,19 20997,00
73,34 29083,00
73,48 26212,00
73,63 26922,00
73,78 23216,00
73,92 25198,00
74,07 19689,00
74,21 24309,00
74,36 20034,00
74,50 20701,00
74,65 18863,00
74,79 16653,00
74,94 11946,00
75,08 13519,00
75,23 16900,00
75,38 15233,00
75,52 19777,00
75,67 14050,00
75,81 15224,00
75,96 14577,00
76,10 15179,00
76,25 12230,00
76,39 8984,60
76,54 9661,50
76,69 7765,80
76,83 9745,60
76,98 9049,40
77,12 9155,20
77,27 7048,80
77,41 8004,90
77,56 9182,50
77,70 7604,40
77,85 6783,40
78,00 5541,50
78,14 5111,90
78,29 4529,80
78,43 4224,50
78,58 7138,90
78,72 5048,20
78,87 8019,10
79,01 4888,20
79,16 14384,00
79,30 11708,00
79,45 13812,00
79,60 11413,00
79,74 13586,00
79,89 5618,70
80,03 4601,60
80,18 10715,00
80,32 11483,00
80,47 10601,00
80,61 18687,00
80,76 26570,00
80,91 18951,00
81,05 16505,00
81,20 16655,00
81,34 7920,90
81,49 5996,50
81,63 5007,20
81,78 5537,30
81,92 7208,60
82,07 9584,70
82,22 13073,00
82,36 15308,00
82,51 14277,00
82,65 16501,00
82,80 11287,00
82,94 9292,30
83,09 8943,70
83,23 5691,80
83,38 9521,30
83,52 6953,40
83,67 14526,00
83,82 20566,00
83,96 17376,00
84,11 21882,00
84,25 28384,00
84,40 15372,00
84,54 9601,50
84,69 5364,50
84,83 6259,90
84,98 6716,90
85,13 10967,00
85,27 10704,00
85,42 15077,00
85,56 13495,00
85,71 13822,00
85,85 14557,00
86,00 18629,00
86,14 17642,00
86,29 21580,00
86,43 30385,00
86,58 28154,00
86,73 30836,00
86,87 28387,00
87,02 27953,00
87,16 33882,00
87,31 33119,00
87,45 22483,00
87,60 22986,00
87,74 25628,00
87,89 22025,00
88,04 23890,00
88,18 21205,00
88,33 21413,00
88,47 18846,00
88,62 18964,00
88,76 17338,00
88,91 14319,00
89,05 10186,00
89,20 14699,00
89,35 20179,00
89,49 26806,00
89,64 22297,00
89,78 17330,00
89,93 21890,00
90,07 17475,00
90,22 21378,00
90,36 14387,00
90,51 10289,00
90,65 8039,10
90,80 8884,40
90,95 8557,60
91,09 7548,20
91,24 6100,30
91,38 5499,80
91,53 4520,00
91,67 2288,80
91,82 2127,40
91,96 963,71
92,11 3858,30
92,26 2922,50
92,40 1994,00
92,55 1879,80
92,69 1586,60
92,84 1708,70
92,98 4878,30
93,13 4235,30
93,27 9019,10
93,42 10529,00
93,57 14213,00
93,71 12846,00
93,86 14884,00
94,00 13208,00
94,15 10665,00
94,29 14646,00
94,44 8425,60
94,58 6421,80
94,73 11622,00
94,87 20410,00
95,02 35500,00
95,17 40722,00
95,31 44444,00
95,46 43868,00
95,60 33219,00
95,75 25942,00
95,89 16947,00
96,04 11410,00
96,18 13847,00
96,33 16579,00
96,48 12021,00
96,62 15349,00
96,77 16822,00
96,91 15849,00
97,06 20309,00
97,20 27347,00
97,35 18198,00
97,49 22923,00
97,64 27164,00
97,78 25073,00
97,93 30905,00
98,08 26352,00
98,22 34578,00
98,37 45332,00
98,51 42637,00
98,66 43359,00
98,80 46081,00
98,95 44879,00
99,09 42408,00
99,24 41850,00
99,39 38294,00
99,53 41348,00
99,68 29412,00
99,82 32803,00
99,97 36414,00
100,10 42459,00
100,30 53526,00
100,40 62288,00
100,50 83444,00
100,70 85163,00
100,80 87338,00
101,00 83300,00
101,10 62177,00
101,30 49253,00
101,40 42756,00
101,60 30171,00
101,70 27382,00
101,90 27154,00
102,00 28449,00
102,20 29137,00
102,30 33420,00
102,40 30898,00
102,60 33682,00
102,70 29749,00
102,90 33677,00
103,00 33684,00
103,20 27851,00
103,30 31159,00
103,50 25758,00
103,60 18783,00
103,80 17579,00
103,90 10006,00
104,00 12352,00
104,20 15050,00
104,30 11217,00
104,50 14569,00
104,60 20113,00
104,80 20948,00
104,90 15853,00
105,10 10420,00
105,20 11294,00
105,40 7861,10
105,50 8551,00
105,60 5727,50
105,80 6612,10
105,90 7568,50
106,10 9698,40
106,20 8471,70
106,40 8401,70
106,50 7317,40
106,70 8205,50
106,80 8372,60
107,00 6271,10
107,10 7720,60
107,20 9557,40
107,40 9125,60
107,50 10804,00
107,70 15873,00
107,80 18029,00
108,00 20390,00
108,10 21626,00
108,30 21418,00
108,40 23284,00
108,60 25048,00
108,70 33063,00
108,80 34854,00
109,00 39308,00
109,10 43418,00
109,30 59532,00
109,40 54809,00
109,60 67753,00
109,70 62534,00
109,90 66928,00
110,00 65070,00
110,20 65035,00
110,30 63764,00
110,40 63614,00
110,60 66390,00
110,70 64390,00
110,90 60583,00
111,00 58390,00
111,20 54744,00
111,30 49745,00
111,50 59207,00
111,60 56602,00
111,80 40447,00
111,90 50432,00
112,00 55509,00
112,20 47510,00
112,30 41607,00
112,50 47745,00
112,60 43834,00
112,80 40372,00
112,90 30140,00
113,10 32074,00
113,20 26036,00
113,40 16356,00
113,50 12626,00
113,60 11227,00
113,80 7432,60
113,90 8807,90
114,10 5653,70
114,20 6813,20
114,40 9645,80
114,50 9184,60
114,70 10313,00
114,80 9554,70
115,00 15429,00
115,10 13379,00
115,20 14984,00
115,40 22270,00
115,50 27430,00
115,70 23081,00
115,80 37148,00
116,00 36306,00
116,10 28973,00
116,30 27858,00
116,40 30991,00
116,60 28290,00
116,70 31720,00
116,80 26465,00
117,00 30855,00
117,10 31619,00
117,30 28024,00
117,40 14351,00
117,60 18213,00
117,70 9820,40
117,90 5780,50
118,00 4098,60
118,20 2892,60
118,30 3715,70
118,40 5617,70
118,60 3749,70
118,70 4605,50
118,90 2118,20
119,00 6377,70
119,20 8029,70
119,30 8303,80
119,50 6726,20
119,60 14327,00
119,80 15446,00
119,90 17407,00
120,00 12939,00
120,20 17690,00
120,30 23931,00
120,50 23004,00
120,60 18145,00
120,80 27810,00
120,90 25609,00
121,10 26870,00
121,20 35420,00
121,40 26197,00
121,50 32853,00
121,60 38925,00
121,80 40396,00
121,90 40749,00
122,10 29647,00
122,20 31415,00
122,40 24883,00
122,50 30345,00
122,70 41144,00
122,80 29699,00
123,00 24579,00
123,10 36372,00
123,20 32613,00
123,40 37044,00
123,50 40308,00
123,70 27731,00
123,80 30624,00
124,00 33684,00
124,10 26210,00
124,30 22919,00
124,40 30263,00
124,60 24614,00
124,70 25304,00
124,90 20523,00
125,00 23941,00
125,10 22673,00
125,30 16189,00
125,40 18546,00
125,60 15959,00
125,70 17325,00
125,90 13805,00
126,00 13092,00
126,20 18718,00
126,30 19304,00
126,50 18202,00
126,60 11187,00
126,70 6666,00
126,90 8117,70
127,00 5908,10
127,20 6549,40
127,30 6136,90
127,50 6125,70
127,60 6528,20
127,80 9822,40
127,90 14231,00
128,10 12915,00
128,20 14365,00
128,30 11420,00
128,50 12835,00
128,60 13678,00
128,80 12284,00
128,90 15102,00
129,10 17790,00
129,20 20674,00
129,40 29890,00
129,50 26656,00
129,70 20069,00
129,80 12873,00
129,90 13068,00
130,10 10257,00
130,20 9246,90
130,40 11087,00
130,50 14021,00
130,70 15663,00
130,80 8066,80
131,00 4141,90
131,10 4528,10
131,30 4692,70
131,40 3460,20
131,50 4690,10
131,70 8535,60
131,80 8549,10
132,00 8553,90
132,10 13146,00
132,30 11707,00
132,40 11222,00
132,60 12252,00
132,70 15020,00
132,90 12668,00
133,00 18425,00
133,10 21616,00
133,30 23005,00
133,40 24595,00
133,60 24542,00
133,70 25213,00
133,90 20698,00
134,00 20356,00
134,20 25793,00
134,30 22214,00
134,50 25300,00
134,60 29992,00
134,70 33740,00
134,90 24507,00
135,00 25775,00
135,20 17365,00
135,30 16478,00
135,50 18281,00
135,60 13807,00
135,80 12852,00
135,90 10540,00
136,10 10312,00
136,20 7147,70
136,30 3477,30
136,50 4031,50
136,60 6443,10
136,80 7788,70
136,90 7329,10
137,10 7583,60
137,20 8685,70
137,40 7492,70
137,50 10791,00
137,70 14668,00
137,80 11705,00
137,90 8655,30
138,10 10018,00
138,20 10785,00
138,40 9070,10
138,50 9796,00
138,70 9274,00
138,80 11237,00
139,00 9547,70
139,10 8783,10
139,30 12088,00
139,40 7830,60
139,50 8679,10
139,70 6290,10
139,80 6995,80
140,00 7735,20
140,10 9654,50
140,30 10708,00
140,40 7568,50
140,60 8572,20
140,70 7067,50
140,90 4518,30
141,00 8331,00
141,10 6391,80
141,30 9144,10
141,40 4963,40
141,60 7806,10
141,70 6407,80
141,90 6670,10
142,00 7921,80
142,20 4348,20
142,30 7591,90
142,50 6451,60
142,60 3718,50
142,70 5658,50
142,90 5553,70
143,00 5620,50
143,20 6647,40
143,30 8212,70
143,50 9680,50
143,60 6255,90
143,80 6658,70
143,90 6128,30
144,10 3644,40
144,20 2610,60
144,30 7735,20
144,50 4653,60
144,60 4967,00
144,80 6335,70
144,90 4815,60
145,10 4916,40
145,20 3081,60
145,40 2633,90
145,50 3391,90
145,70 2774,40
145,80 2848,70
145,90 2481,00
146,10 3789,70
146,20 2288,00
146,40 1976,10
146,50 3675,90
146,70 5114,20
146,80 4329,20
147,00 6200,50
147,10 4137,00
147,30 10924,00
147,40 8879,50
147,60 9053,60
147,70 11429,00
147,80 12173,00
148,00 6621,20
148,10 10488,00
148,30 8205,60
148,40 6022,90
148,60 7445,60
148,70 8425,20
148,90 3803,20
149,00 6830,80
149,20 5339,80
149,30 4352,30
149,40 4870,90
149,60 7758,10
149,70 4542,70
149,90 5192,80
150,00 8637,00
150,20 10509,00
150,30 9937,80
150,50 10174,00
150,60 10734,00
150,80 8402,60
150,90 9452,90
151,00 17237,00
151,20 13351,00
151,30 18282,00
151,50 18683,00
151,60 19693,00
151,80 21796,00
151,90 20979,00
152,10 20170,00
152,20 23347,00
152,40 22180,00
152,50 22268,00
152,60 20675,00
152,80 31165,00
152,90 21954,00
153,10 17272,00
153,20 26981,00
153,40 27804,00
153,50 21295,00
153,70 14429,00
153,80 8536,20
154,00 9807,00
154,10 8459,40
154,20 2582,20
154,40 4155,70
154,50 3872,30
154,70 2531,60
154,80 7452,60
155,00 12391,00
155,10 15851,00
155,30 16166,00
155,40 26332,00
155,60 26909,00
155,70 12488,00
155,80 8301,40
156,00 3224,80
156,10 1470,80
156,30 6145,80
156,40 5834,70
156,60 8983,70
156,70 7978,20
156,90 12614,00
157,00 8058,80
157,20 7338,30
157,30 13013,00
157,40 12667,00
157,60 16178,00
157,70 20046,00
157,90 29427,00
158,00 20801,00
158,20 16340,00
158,30 13815,00
158,50 18897,00
158,60 9417,20
158,80 4612,10
158,90 6844,50
159,00 5427,10
159,20 5983,10
159,30 4000,90
159,50 5294,50
159,60 3708,40
159,80 7938,00
159,90 6512,10
160,10 4967,40
160,20 6657,60
160,40 8821,50
160,50 8266,20
160,60 11639,00
160,80 15494,00
160,90 24593,00
161,10 21394,00
161,20 18936,00
161,40 19698,00
161,50 20943,00
161,70 17746,00
161,80 16582,00
162,00 22015,00
162,10 24937,00
162,20 24088,00
162,40 26796,00
162,50 25896,00
162,70 33966,00
162,80 28699,00
163,00 29243,00
163,10 43232,00
163,30 40250,00
163,40 46415,00
163,60 58533,00
163,70 51058,00
163,80 39816,00
164,00 39387,00
164,10 45699,00
164,30 40670,00
164,40 36082,00
164,60 32710,00
164,70 34483,00
164,90 31781,00
165,00 38134,00
165,20 36594,00
165,30 35821,00
165,40 35351,00
165,60 28417,00
165,70 23947,00
165,90 19577,00
166,00 16160,00
166,20 11108,00
166,30 6972,40
166,50 7186,20
166,60 6994,90
166,80 9793,80
166,90 10361,00
167,00 15916,00
167,20 18998,00
167,30 23737,00
167,50 28399,00
167,60 29349,00
167,80 34684,00
167,90 38726,00
168,10 37000,00
168,20 38608,00
168,40 41580,00
168,50 40589,00
168,60 44041,00
168,80 50941,00
168,90 53947,00
169,10 49044,00
169,20 50827,00
169,40 38317,00
169,50 22252,00
169,70 2607,50
169,80 22178,00
170,00 15156,00
170,10 4203,60
170,30 13345,00
170,40 20806,00
170,50 25727,00
170,70 17205,00
170,80 15269,00
171,00 20994,00
171,10 11059,00
171,30 4867,10
171,40 4850,00
171,60 10368,00
171,70 7199,80
171,90 8493,80
172,00 2981,80
172,10 4426,40
172,30 3182,10
172,40 7107,40
172,60 6229,20
172,70 14648,00
172,90 12723,00
173,00 9872,40
173,20 9844,50
173,30 7154,00
173,50 3072,30
173,60 5918,20
173,70 4592,10
173,90 2110,10
174,00 6617,20
174,20 9949,00
174,30 13937,00
174,50 11884,00
174,60 14443,00
174,80 13159,00
174,90 16054,00
175,10 5169,40
175,20 8448,20
175,30 12161,00
175,50 10995,00
175,60 6534,20
175,80 2864,90
175,90 2454,60
176,10 3474,40
176,20 3939,40
176,40 4286,00
176,50 6738,00
176,70 18955,00
176,80 14920,00
176,90 12948,00
177,10 10137,00
177,20 4995,20
177,40 2132,00
177,50 5139,20
177,70 5789,50
177,80 3781,20
178,00 2555,80
178,10 10386,00
178,30 18234,00
178,40 17130,00
178,50 19386,00
178,70 20100,00
178,80 18089,00
179,00 24849,00
179,10 25180,00
179,30 37268,00
179,40 49084,00
179,60 45572,00
179,70 36653,00
179,90 47445,00
180,00 45117,00
180,10 42787,00
180,30 28413,00
180,40 36809,00
180,60 34926,00
180,70 16620,00
180,90 22847,00
181,00 27381,00
181,20 19705,00
181,30 17562,00
181,50 13706,00
181,60 16552,00
181,70 21926,00
181,90 16412,00
182,00 15152,00
182,20 23347,00
182,30 19540,00
182,50 9543,00
182,60 10651,00
182,80 14827,00
182,90 13520,00
183,10 13187,00
183,20 21239,00
183,30 15949,00
183,50 23309,00
183,60 23434,00
183,80 20851,00
183,90 18668,00
184,10 23936,00
184,20 16716,00
184,40 13204,00
184,50 4720,80
184,70 6310,50
184,80 9847,70
184,90 15899,00
185,10 21258,00
185,20 6457,50
185,40 6794,50
185,50 5095,80
185,70 6147,20
185,80 18023,00
186,00 13563,00
186,10 5372,80
186,30 4359,10
186,40 14195,00
186,50 20893,00
186,70 24122,00
186,80 46070,00
187,00 59785,00
187,10 65196,00
187,30 81202,00
187,40 83473,00
187,60 73598,00
187,70 62202,00
187,90 45300,00
188,00 34811,00
188,10 24088,00
188,30 29580,00
188,40 44973,00
188,60 55752,00
188,70 70202,00
188,90 56077,00
189,00 47256,00
189,20 38892,00
189,30 27849,00
189,50 14915,00
189,60 15118,00
189,70 11869,00
189,90 16223,00
190,00 19646,00
190,20 28428,00
190,30 25923,00
190,50 24088,00
190,60 23056,00
190,80 10949,00
190,90 7157,10
191,10 4364,30
191,20 8143,30
191,40 8974,80
191,50 12571,00
191,60 15385,00
191,80 18905,00
191,90 28728,00
192,10 26911,00
192,20 16056,00
192,40 13631,00
192,50 16344,00
192,70 18133,00
192,80 13616,00
193,00 12378,00
193,10 15592,00
193,20 18302,00
193,40 11854,00
193,50 22192,00
193,70 26454,00
193,80 28662,00
194,00 19600,00
194,10 14849,00
194,30 12453,00
194,40 8514,30
194,60 8837,60
194,70 8278,60
194,80 9056,10
195,00 15089,00
195,10 10123,00
195,30 8190,70
195,40 10936,00
195,60 10038,00
195,70 11400,00
195,90 6489,60
196,00 7070,60
196,20 7937,30
196,30 4346,60
196,40 5007,00
196,60 4355,60
196,70 7986,80
196,90 11422,00
197,00 16207,00
197,20 21543,00
197,30 24115,00
197,50 29338,00
197,60 26707,00
197,80 26943,00
197,90 40031,00
198,00 40809,00
198,20 39639,00
198,30 46157,00
198,50 53253,00
198,60 49178,00
198,80 55853,00
198,90 51912,00
199,10 53054,00
199,20 43915,00
199,40 48182,00
199,50 33844,00
199,60 34543,00
199,80 29892,00
199,90 26701,00
200,10 29745,00
200,20 28993,00
200,40 23505,00
200,50 23985,00
200,70 21964,00
200,80 22472,00
201,00 25423,00
201,10 17577,00
201,20 19555,00
201,40 26302,00
201,50 24384,00
201,70 25002,00
201,80 27314,00
202,00 26511,00
202,10 31165,00
202,30 34261,00
202,40 35380,00
202,60 47862,00
202,70 40435,00
202,80 36185,00
203,00 32448,00
203,10 27481,00
203,30 31554,00
203,40 30653,00
203,60 28211,00
203,70 26335,00
203,90 27784,00
204,00 30891,00
204,20 25542,00
204,30 27597,00
204,40 17512,00
204,60 12824,00
204,70 13985,00
204,90 13009,00
205,00 11903,00
205,20 11835,00
205,30 10798,00
205,50 10646,00
205,60 16509,00
205,80 20581,00
205,90 24487,00
206,00 28506,00
206,20 20715,00
206,30 14312,00
206,50 14043,00
206,60 12004,00
206,80 12053,00
206,90 15915,00
207,10 13188,00
207,20 14845,00
207,40 22038,00
207,50 20525,00
207,60 16419,00
207,80 22592,00
207,90 29480,00
208,10 33366,00
208,20 24452,00
208,40 37006,00
208,50 32345,00
208,70 26035,00
208,80 23999,00
209,00 23317,00
209,10 35657,00
209,20 54904,00
209,40 50455,00
209,50 53987,00
209,70 70274,00
209,80 62301,00
210,00 56719,00
210,10 50982,00
210,30 43733,00
210,40 42289,00
210,60 28845,00
210,70 27879,00
210,80 24783,00
211,00 27235,00
211,10 25024,00
211,30 24941,00
211,40 19568,00
211,60 26910,00
211,70 30398,00
211,90 25985,00
212,00 36914,00
212,20 37860,00
212,30 33568,00
212,40 33455,00
212,60 34217,00
212,70 40539,00
212,90 48642,00
213,00 60750,00
213,20 58540,00
213,30 66533,00
213,50 81212,00
213,60 88541,00
213,80 88162,00
213,90 89298,00
214,10 82347,00
214,20 66827,00
214,30 68174,00
214,50 49634,00
214,60 37010,00
214,80 30351,00
214,90 25536,00
215,10 23524,00
215,20 21297,00
215,40 18541,00
215,50 20605,00
215,70 19924,00
215,80 16733,00
215,90 16228,00
216,10 26520,00
216,20 25997,00
216,40 35874,00
216,50 37222,00
216,70 42716,00
216,80 45869,00
217,00 41758,00
217,10 37161,00
217,30 28845,00
217,40 24868,00
217,50 27228,00
217,70 23494,00
217,80 20944,00
218,00 25021,00
218,10 27082,00
218,30 28754,00
218,40 31957,00
218,60 32564,00
218,70 34811,00
218,90 36156,00
219,00 36736,00
219,10 33894,00
219,30 35265,00
219,40 32326,00
219,60 32962,00
219,70 31141,00
219,90 29386,00
220,00 35586,00
220,20 34576,00
220,30 40051,00
220,50 53740,00
220,60 51403,00
220,70 56454,00
220,90 56753,00
221,00 55444,00
221,20 47700,00
221,30 47620,00
221,50 46089,00
221,60 40493,00
221,80 38668,00
221,90 35530,00
222,10 27423,00
222,20 26445,00
222,30 23416,00
222,50 28334,00
222,60 25260,00
222,80 24529,00
222,90 22342,00
223,10 19105,00
223,20 21076,00
223,40 17063,00
223,50 19903,00
223,70 25945,00
223,80 30430,00
223,90 25891,00
224,10 32553,00
224,20 25229,00
224,40 22008,00
224,50 25831,00
224,70 20482,00
224,80 21288,00
225,00 20891,00
225,10 18178,00
225,30 20386,00
225,40 18873,00
225,50 19831,00
225,70 15793,00
225,80 16717,00
226,00 16148,00
226,10 15716,00
226,30 18216,00
226,40 18586,00
226,60 19919,00
226,70 24941,00
226,90 23585,00
227,00 28623,00
227,10 18665,00
227,30 18851,00
227,40 17328,00
227,60 21185,00
227,70 14036,00
227,90 12205,00
228,00 11741,00
228,20 9454,10
228,30 10058,00
228,50 8413,20
228,60 5374,80
228,70 3444,50
228,90 3298,00
229,00 4317,60
229,20 5492,10
229,30 3401,80
229,50 6966,50
229,60 4022,70
229,80 4098,80
229,90 3287,70
230,10 4301,50
230,20 6228,90
230,30 6665,80
230,50 6460,30
230,60 3889,70
230,80 5812,20
230,90 4589,40
231,10 5263,90
231,20 6494,00
231,40 7269,70
231,50 8411,80
231,70 9731,60
231,80 11892,00
231,90 17728,00
232,10 16901,00
232,20 20062,00
232,40 18029,00
232,50 15095,00
232,70 16281,00
232,80 17441,00
233,00 20553,00
233,10 21898,00
233,30 23281,00
233,40 20444,00
233,50 19625,00
233,70 16406,00
233,80 16373,00
234,00 16501,00
234,10 14641,00
234,30 18811,00
234,40 23089,00
234,60 21738,00
234,70 20882,00
234,90 21198,00
235,00 20285,00
235,10 17938,00
235,30 19276,00
235,40 16995,00
235,60 15776,00
235,70 16911,00
235,90 14769,00
236,00 16692,00
236,20 13957,00
236,30 20818,00
236,50 15367,00
236,60 15997,00
236,80 16324,00
236,90 16178,00
237,00 18973,00
237,20 12690,00
237,30 17071,00
237,50 14114,00
237,60 11970,00
237,80 10889,00
237,90 10871,00
238,10 12223,00
238,20 11219,00
238,40 13391,00
238,50 8372,10
238,60 11032,00
238,80 7812,00
238,90 7523,80
239,10 6155,10
239,20 6893,10
239,40 5050,50
239,50 5103,60
239,70 6559,00
239,80 8496,20
240,00 7919,40
240,10 7169,20
240,20 8973,80
240,40 6520,10
240,50 6977,50
240,70 7029,30
240,80 6076,50
241,00 3970,00
241,10 6117,00
241,30 6603,40
241,40 6432,50
241,60 5404,10
241,70 5934,50
241,80 8755,10
242,00 7363,10
242,10 8050,90
242,30 4284,60
242,40 2188,30
242,60 1113,20
242,70 1677,40
242,90 1583,10
243,00 1910,20
243,20 4735,20
243,30 4004,80
243,40 4356,30
243,60 4535,60
243,70 7894,40
243,90 3391,50
244,00 2669,00
244,20 2488,30
244,30 2149,60
244,50 4538,00
244,60 4068,40
244,80 4275,90
244,90 6146,70
245,00 7368,60
245,20 7292,10
245,30 7370,20
245,50 6228,80
245,60 5916,10
245,80 4295,70
245,90 5069,80
246,10 4015,60
246,20 3612,20
246,40 3951,90
246,50 3406,10
246,60 4684,40
246,80 4754,50
246,90 5378,60
247,10 5132,20
247,20 5975,70
247,40 2585,60
247,50 4230,70
247,70 4533,40
247,80 9778,80
248,00 6302,30
248,10 7539,00
248,20 3330,40
248,40 9144,80
248,50 5616,00
248,70 11895,00
248,80 8446,10
249,00 13892,00
249,10 12842,00
249,30 12491,00
249,40 11010,00
249,60 10264,00
249,70 17709,00
249,80 16604,00
250,00 15606,00
250,10 16087,00
250,30 16376,00
250,40 16510,00
250,60 22027,00
250,70 13295,00
250,90 16908,00
251,00 13627,00
251,20 11499,00
251,30 14637,00
251,40 11542,00
251,60 15186,00
251,70 19776,00
251,90 15805,00
252,00 17203,00
252,20 18585,00
252,30 17682,00
252,50 19519,00
252,60 22855,00
252,80 20704,00
252,90 18914,00
253,00 21525,00
253,20 16468,00
253,30 16641,00
253,50 17710,00
253,60 13311,00
253,80 13885,00
253,90 12770,00
254,10 11449,00
254,20 10728,00
254,40 13835,00
254,50 11961,00
254,60 14965,00
254,80 17556,00
254,90 14559,00
255,10 15140,00
255,20 11957,00
255,40 10390,00
255,50 9477,00
255,70 6307,30
255,80 7915,60
256,00 7819,10
256,10 6548,80
256,20 5654,60
256,40 7384,10
256,50 5842,30
256,70 6600,60
256,80 7482,70
257,00 8851,80
257,10 10510,00
257,30 10481,00
257,40 11126,00
257,60 12717,00
257,70 12803,00
257,80 15658,00
258,00 17556,00
258,10 21412,00
258,30 23409,00
258,40 20927,00
258,60 20585,00
258,70 22645,00
258,90 17562,00
259,00 18799,00
259,20 22128,00
259,30 26539,00
259,50 27385,00
259,60 35300,00
259,70 31375,00
259,90 25882,00
260,00 28426,00
260,20 23818,00
260,30 20870,00
260,50 18660,00
260,60 18642,00
260,80 15173,00
260,90 18673,00
261,10 18339,00
261,20 20551,00
261,30 15721,00
261,50 13057,00
261,60 15194,00
261,80 12962,00
261,90 17044,00
262,10 16249,00
262,20 20483,00
262,40 24701,00
262,50 29296,00
262,70 29338,00
262,80 44947,00
262,90 39986,00
263,10 48142,00
263,20 52075,00
263,40 57639,00
263,50 72420,00
263,70 75745,00
263,80 81441,00
264,00 88010,00
264,10 95420,00
264,30 95235,00
264,40 86774,00
264,50 1,0611E05
264,70 1,0528E05
264,80 1,0207E05
265,00 1,1327E05
265,10 99878,00
265,30 1,1682E05
265,40 1,1028E05
265,60 1,1662E05
265,70 98759,00
265,90 1,0654E05
266,00 97298,00
266,10 92523,00
266,30 94751,00
266,40 97320,00
266,60 94603,00
266,70 89257,00
266,90 84387,00
267,00 77149,00
267,20 71161,00
267,30 77343,00
267,50 62371,00
267,60 64679,00
267,70 46668,00
267,90 52703,00
268,00 48912,00
268,20 38886,00
268,30 30150,00
268,50 36022,00
268,60 27740,00
268,80 24611,00
268,90 27791,00
269,10 23690,00
269,20 14725,00
269,30 13342,00
269,50 12696,00
269,60 5163,80
269,80 6274,40
269,90 7073,70
270,10 3151,40
270,20 6216,40
270,40 9084,50
270,50 8601,70
270,70 11203,00
270,80 6527,10
270,90 7200,10
271,10 8053,20
271,20 8552,20
271,40 15342,00
271,50 14990,00
271,70 17027,00
271,80 17670,00
272,00 21816,00
272,10 18091,00
272,30 14878,00
272,40 13834,00
272,50 14711,00
272,70 14398,00
272,80 16142,00
273,00 20431,00
273,10 19608,00
273,30 24851,00
273,40 42523,00
273,60 41755,00
273,70 47445,00
273,90 39978,00
274,00 36904,00
274,10 37894,00
274,30 37993,00
274,40 44029,00
274,60 45138,00
274,70 54868,00
274,90 60169,00
275,00 67807,00
275,20 67868,00
275,30 66593,00
275,50 77107,00
275,60 84307,00
275,70 84603,00
275,90 78663,00
276,00 91130,00
276,20 94643,00
276,30 88147,00
276,50 92033,00
276,60 85760,00
276,80 81026,00
276,90 72519,00
277,10 74159,00
277,20 64924,00
277,30 59636,00
277,50 53181,00
277,60 46334,00
277,80 41327,00
277,90 41773,00
278,10 36711,00
278,20 27282,00
278,40 22248,00
278,50 14314,00
278,70 16125,00
278,80 24258,00
278,90 22976,00
279,10 16839,00
279,20 27819,00
279,40 23585,00
279,50 26965,00
279,70 32461,00
279,80 20937,00
280,00 18024,00
280,10 21816,00
280,30 26252,00
280,40 25427,00
280,50 25911,00
280,70 31316,00
280,80 23353,00
281,00 24040,00
281,10 21647,00
281,30 18366,00
281,40 21892,00
281,60 25876,00
281,70 20118,00
281,90 35560,00
282,00 24895,00
282,20 31104,00
282,30 36544,00
282,40 37358,00
282,60 38949,00
282,70 46223,00
282,90 35045,00
283,00 32185,00
283,20 34785,00
283,30 43653,00
283,50 37192,00
283,60 57270,00
283,80 53814,00
283,90 66727,00
284,00 74316,00
284,20 83132,00
284,30 75631,00
284,50 70823,00
284,60 92193,00
284,80 98774,00
284,90 89980,00
285,10 1,1046E05
285,20 1,1205E05
285,40 1,1146E05
285,50 1,0653E05
285,60 1,0175E05
285,80 92702,00
285,90 1,0158E05
286,10 91424,00
286,20 82618,00
286,40 79474,00
286,50 80882,00
286,70 72261,00
286,80 62956,00
287,00 51689,00
287,10 46508,00
287,20 41855,00
287,40 32371,00
287,50 18490,00
287,70 17759,00
287,80 11465,00
288,00 7941,10
288,10 3756,00
288,30 1860,90
288,40 2202,40
288,60 2080,80
288,70 7281,60
288,80 4463,70
289,00 10633,00
289,10 10212,00
289,30 16313,00
289,40 19446,00
289,60 21401,00
289,70 17375,00
289,90 18377,00
290,00 27214,00
290,20 24374,00
290,30 15134,00
290,40 21347,00
290,60 24792,00
290,70 17397,00
290,90 19381,00
291,00 16807,00
291,20 12945,00
291,30 10326,00
291,50 14553,00
291,60 12864,00
291,80 14411,00
291,90 12942,00
292,00 17834,00
292,20 22217,00
292,30 38956,00
292,50 45116,00
292,60 48652,00
292,80 37695,00
292,90 38222,00
293,10 44797,00
293,20 49994,00
293,40 52631,00
293,50 60102,00
293,60 45567,00
293,80 52129,00
293,90 47174,00
294,10 47629,00
294,20 36440,00
294,40 41156,00
294,50 37779,00
294,70 28305,00
294,80 32202,00
295,00 30879,00
295,10 28578,00
295,20 24793,00
295,40 22190,00
295,50 18996,00
295,70 10529,00
295,80 15754,00
296,00 12587,00
296,10 17617,00
296,30 22679,00
296,40 13806,00
296,60 21326,00
296,70 22149,00
296,80 15593,00
297,00 18656,00
297,10 21781,00
297,30 20779,00
297,40 23173,00
297,60 18989,00
297,70 13575,00
297,90 18404,00
298,00 15308,00
298,20 9165,40
298,30 8419,10
298,40 9369,60
298,60 8318,70
298,70 8528,40
298,90 14139,00
299,00 8301,50
299,20 7884,50
299,30 15132,00
299,50 13109,00
299,60 14391,00
299,80 19256,00
299,90 19719,00
300,00 34179,00
300,20 27804,00
300,30 28463,00
300,50 16862,00
300,60 8811,30
300,80 13333,00
300,90 11887,00
301,10 9579,20
301,20 20296,00
301,40 33709,00
301,50 23275,00
301,60 24210,00
301,80 16812,00
301,90 5618,80
302,10 6381,50
302,20 1936,80
302,40 2978,00
302,50 2067,60
302,70 2282,90
302,80 3630,10
303,00 4380,70
303,10 10340,00
303,20 10267,00
303,40 6226,90
303,50 7107,80
303,70 5939,90
303,80 9954,00
304,00 12948,00
304,10 14734,00
304,30 18557,00
304,40 21009,00
304,60 29351,00
304,70 19519,00
304,90 17744,00
305,00 18145,00
305,10 17904,00
305,30 17535,00
305,40 20861,00
305,60 29072,00
305,70 32282,00
305,90 23973,00
306,00 25879,00
306,20 25216,00
306,30 17938,00
306,50 15179,00
306,60 22406,00
306,70 19062,00
306,90 13412,00
307,00 9694,70
307,20 13199,00
307,30 14344,00
307,50 6998,40
307,60 8581,10
307,80 7822,20
307,90 5975,20
308,10 9120,40
308,20 10212,00
308,30 7155,50
308,50 5583,20
308,60 9232,20
308,80 5811,60
308,90 4068,10
309,10 1987,40
309,20 1689,90
309,40 2756,60
309,50 3045,40
309,70 4029,00
309,80 5418,70
309,90 4617,50
310,10 3969,40
310,20 5504,40
310,40 4580,90
310,50 4942,50
310,70 6615,70
310,80 10241,00
311,00 5799,20
311,10 7201,90
311,30 8203,70
311,40 13193,00
311,50 12935,00
311,70 6628,40
311,80 7844,20
312,00 9449,80
312,10 15586,00
312,30 12895,00
312,40 19023,00
312,60 31963,00
312,70 30022,00
312,90 24817,00
313,00 24187,00
313,10 18839,00
313,30 18110,00
313,40 11055,00
313,60 9993,10
313,70 13773,00
313,90 11125,00
314,00 12610,00
314,20 10758,00
314,30 10672,00
314,50 13158,00
314,60 9468,60
314,70 8168,40
314,90 9349,10
315,00 5441,70
315,20 4662,40
315,30 9253,70
315,50 9006,20
315,60 16600,00
315,80 17577,00
315,90 20137,00
316,10 20495,00
316,20 12726,00
316,30 13732,00
316,50 12872,00
316,60 12979,00
316,80 18967,00
316,90 19796,00
317,10 23237,00
317,20 30352,00
317,40 28220,00
317,50 23878,00
317,70 21585,00
317,80 24487,00
317,90 19263,00
318,10 19962,00
318,20 14842,00
318,40 20470,00
318,50 22431,00
318,70 15184,00
318,80 17019,00
319,00 20266,00
319,10 18733,00
319,30 19287,00
319,40 20225,00
319,50 13940,00
319,70 14400,00
319,80 14235,00
320,00 16367,00
320,10 7114,40
320,30 8515,30
320,40 11086,00
320,60 8701,60
320,70 4642,30
320,90 7650,80
321,00 5881,10
321,10 4444,10
321,30 7395,00
321,40 7737,20
321,60 3740,00
321,70 3187,70
321,90 11110,00
322,00 7382,20
322,20 10778,00
322,30 10944,00
322,50 11315,00
322,60 8210,20
322,70 9905,50
322,90 13818,00
323,00 5638,40
323,20 7914,80
323,30 8666,80
323,50 7573,70
323,60 8955,70
323,80 8265,10
323,90 15347,00
324,10 11603,00
324,20 12116,00
324,30 19532,00
324,50 25640,00
324,60 20486,00
324,80 34647,00
324,90 36223,00
325,10 33214,00
325,20 47587,00
325,40 58788,00
325,50 60185,00
325,70 57689,00
325,80 73078,00
325,90 76423,00
326,10 66468,00
326,20 66634,00
326,40 75858,00
326,50 72128,00
326,70 66144,00
326,80 76196,00
327,00 65536,00
327,10 71595,00
327,30 73548,00
327,40 71028,00
327,60 76939,00
327,70 77540,00
327,80 66280,00
328,00 61481,00
328,10 74242,00
328,30 61945,00
328,40 53964,00
328,60 60132,00
328,70 52303,00
328,90 44899,00
329,00 34581,00
329,20 30037,00
329,30 13460,00
329,40 10252,00
329,60 9640,20
329,70 4469,20
329,90 3126,30
330,00 2473,50
330,20 5260,60
330,30 5912,70
330,50 11180,00
330,60 16013,00
330,80 19373,00
330,90 18685,00
331,00 26399,00
331,20 21977,00
331,30 16406,00
331,50 12053,00
331,60 18668,00
331,80 20556,00
331,90 25823,00
332,10 26906,00
332,20 29867,00
332,40 31249,00
332,50 26801,00
332,60 33410,00
332,80 22351,00
332,90 19544,00
333,10 27541,00
333,20 16017,00
333,40 12710,00
333,50 17082,00
333,70 22020,00
333,80 18458,00
334,00 26815,00
334,10 25923,00
334,20 22069,00
334,40 15940,00
334,50 20327,00
334,70 17727,00
334,80 19364,00
335,00 21362,00
335,10 26012,00
335,30 24692,00
335,40 21998,00
335,60 29501,00
335,70 17755,00
335,80 11290,00
336,00 10909,00
336,10 15309,00
336,30 23793,00
336,40 24553,00
336,60 17227,00
336,70 23445,00
336,90 15714,00
337,00 5613,40
337,20 4451,50
337,30 4863,40
337,40 6704,50
337,60 9429,70
337,70 10715,00
337,90 10907,00
338,00 10310,00
338,20 7184,10
338,30 11662,00
338,50 6731,40
338,60 10015,00
338,80 6197,60
338,90 7447,50
339,00 7582,70
339,20 4395,60
339,30 4116,80
339,50 3550,00
339,60 3553,60
339,80 4433,70
339,90 5496,80
340,10 6761,80
340,20 12182,00
340,40 9823,40
340,50 8226,60
340,60 9166,30
340,80 15797,00
340,90 11522,00
341,10 12554,00
341,20 14230,00
341,40 12959,00
341,50 15245,00
341,70 25861,00
341,80 34540,00
342,00 35397,00
342,10 38900,00
342,20 46463,00
342,40 46058,00
342,50 36653,00
342,70 35165,00
342,80 29680,00
343,00 27837,00
343,10 30128,00
343,30 25854,00
343,40 23223,00
343,60 23704,00
343,70 21613,00
343,80 22081,00
344,00 15974,00
344,10 20606,00
344,30 17679,00
344,40 17918,00
344,60 16722,00
344,70 19651,00
344,90 19788,00
345,00 20183,00
345,20 23000,00
345,30 28793,00
345,40 20910,00
345,60 18676,00
345,70 18778,00
345,90 21515,00
346,00 23355,00
346,20 25872,00
346,30 37636,00
346,50 34168,00
346,60 27170,00
346,80 32964,00
346,90 28712,00
347,00 29292,00
347,20 19878,00
347,30 16769,00
347,50 18558,00
347,60 24525,00
347,80 27699,00
347,90 30821,00
348,10 27417,00
348,20 35130,00
348,40 40427,00
348,50 26534,00
348,60 35231,00
348,80 33680,00
348,90 31667,00
349,10 34436,00
349,20 39274,00
349,40 32994,00
349,50 42902,00
349,70 38679,00
349,80 44365,00
350,00 39829,00
350,10 47223,00
350,30 48172,00
350,40 37595,00
350,50 40081,00
350,70 36717,00
350,80 30228,00
351,00 31474,00
351,10 27069,00
351,30 20759,00
351,40 22213,00
351,60 17774,00
351,70 20393,00
351,90 18652,00
352,00 17461,00
352,10 15295,00
352,30 19185,00
352,40 18633,00
352,60 15072,00
352,70 18186,00
352,90 19394,00
353,00 17261,00
353,20 10894,00
353,30 13409,00
353,50 18701,00
353,60 16810,00
353,70 13473,00
353,90 8729,80
354,00 7921,40
354,20 6619,50
354,30 10405,00
354,50 6276,40
354,60 8621,10
354,80 11150,00
354,90 12803,00
355,10 11847,00
355,20 8166,20
355,30 9177,90
355,50 2737,60
355,60 3063,00
355,80 2272,90
355,90 3125,00
356,10 3384,90
356,20 6784,90
356,40 8946,50
356,50 8280,90
356,70 6521,60
356,80 6586,60
356,90 8950,40
357,10 8342,60
357,20 6805,10
357,40 6583,60
357,50 4081,80
357,70 5599,10
357,80 7783,10
358,00 5331,20
358,10 3375,70
358,30 7225,00
358,40 4978,20
358,50 3879,50
358,70 3960,20
358,80 4773,20
359,00 4379,50
359,10 3119,50
359,30 3647,90
359,40 1168,50
359,60 2452,50
359,70 3899,10
359,90 1966,80
