0,00 1,1491E05
0,44 1,2627E05
0,87 1,4326E05
1,31 1,1802E05
1,75 97919,00
2,18 1,2031E05
2,62 1,1813E05
3,06 1,4199E05
3,50 1,4026E05
3,93 1,6297E05
4,37 1,491E05
4,81 1,6521E05
5,24 1,6457E05
5,68 1,6978E05
6,12 1,6424E05
6,55 1,925E05
6,99 1,755E05
7,43 1,3284E05
7,86 1,1146E05
8,30 1,414E05
8,74 1,5539E05
9,17 1,536E05
9,61 1,5851E05
10,05 1,5916E05
10,49 1,4369E05
10,92 1,1705E05
11,36 93385,00
11,80 87837,00
12,23 97432,00
12,67 1,1631E05
13,11 1,6704E05
13,54 1,95E05
13,98 2,0065E05
14,42 2,0221E05
14,85 1,6638E05
15,29 1,5204E05
15,73 1,1427E05
16,17 75445,00
16,60 65828,00
17,04 1,0274E05
17,48 1,3853E05
17,91 2,0326E05
18,35 2,1368E05
18,79 2,4878E05
19,22 2,6484E05
19,66 2,5901E05
20,10 2,6043E05
20,53 2,6139E05
20,97 2,3548E05
21,41 2,1605E05
21,84 1,8844E05
22,28 1,4781E05
22,72 1,362E05
23,16 1,4093E05
23,59 1,282E05
24,03 1,1916E05
24,47 1,1233E05
24,90 1,1668E05
25,34 1,1303E05
25,78 68676,00
26,21 62790,00
26,65 71267,00
27,09 66347,00
27,52 72756,00
27,96 91470,00
28,40 1,1167E05
28,83 1,2839E05
29,27 1,5352E05
29,71 1,7776E05
30,15 1,8176E05
30,58 1,9264E05
31,02 1,8287E05
31,46 2,1223E05
31,89 2,114E05
32,33 2,0095E05
32,77 1,9219E05
33,20 1,7053E05
33,64 1,6099E05
34,08 1,387E05
34,51 1,1167E05
34,95 1,0598E05
35,39 1,0919E05
35,83 1,2886E05
36,26 1,295E05
36,70 1,3906E05
37,14 1,2898E05
37,57 1,4401E05
38,01 1,7398E05
38,45 1,6863E05
38,88 1,7343E05
39,32 1,7921E05
39,76 1,5073E05
40,19 1,2929E05
40,63 1,1231E05
41,07 1,0305E05
41,50 86717,00
41,94 89140,00
42,38 71763,00
42,82 74951,00
43,25 69476,00
43,69 58837,00
44,13 63834,00
44,56 60866,00
45,00 64632,00
45,44 83764,00
45,87 97546,00
46,31 1,1473E05
46,75 1,1116E05
47,18 1,1836E05
47,62 1,1385E05
48,06 1,1508E05
48,50 96217,00
48,93 95044,00
49,37 95816,00
49,81 89345,00
50,24 99200,00
50,68 96295,00
51,12 91283,00
51,55 66247,00
51,99 54711,00
52,43 73139,00
52,86 71949,00
53,30 71980,00
53,74 65850,00
54,17 67872,00
54,61 57969,00
55,05 45542,00
55,49 36392,00
55,92 45748,00
56,36 48112,00
56,80 64460,00
57,23 63479,00
57,67 65813,00
58,11 82317,00
58,54 1,0426E05
58,98 1,0571E05
59,42 1,4326E05
59,85 1,5346E05
60,29 1,6943E05
60,73 1,6549E05
61,17 1,7199E05
61,60 1,7262E05
62,04 1,5654E05
62,48 1,2622E05
62,91 1,1136E05
63,35 1,4247E05
63,79 1,7737E05
64,22 1,5228E05
64,66 98426,00
65,10 1,2221E05
65,53 1,3583E05
65,97 1,163E05
66,41 73704,00
66,84 97572,00
67,28 99483,00
67,72 88906,00
68,16 53555,00
68,59 73132,00
69,03 92543,00
69,47 96207,00
69,90 90455,00
70,34 93094,00
70,78 86178,00
71,21 88132,00
71,65 91882,00
72,09 90596,00
72,52 95063,00
72,96 89293,00
73,40 85256,00
73,83 1,027E05
74,27 89902,00
74,71 93814,00
75,15 85918,00
75,58 70911,00
76,02 59251,00
76,46 59153,00
76,89 89318,00
77,33 91093,00
77,77 58447,00
78,20 89166,00
78,64 85373,00
79,08 57331,00
79,51 92786,00
79,95 83853,00
80,39 54911,00
80,83 1,0378E05
81,26 89465,00
81,70 78299,00
82,14 98530,00
82,57 1,1163E05
83,01 81188,00
83,45 67436,00
83,88 72480,00
84,32 64093,00
84,76 63822,00
85,19 79150,00
85,63 78024,00
86,07 73387,00
86,50 59976,00
86,94 73011,00
87,38 69725,00
87,82 77347,00
88,25 70744,00
88,69 88408,00
89,13 80922,00
89,56 83548,00
90,00 79462,00
90,44 44891,00
90,87 87168,00
91,31 58914,00
91,75 57906,00
92,18 78924,00
92,62 70434,00
93,06 57199,00
93,50 85043,00
93,93 65800,00
94,37 77040,00
94,81 70558,00
95,24 62556,00
95,68 79796,00
96,12 83680,00
96,55 42117,00
96,99 56218,00
97,43 78154,00
97,86 73338,00
98,30 80042,00
98,74 56044,00
99,17 36737,00
99,61 52019,00
100,00 65308,00
100,50 47113,00
100,90 32285,00
101,40 29320,00
101,80 31439,00
102,20 32122,00
102,70 35932,00
103,10 49792,00
103,50 53680,00
104,00 49497,00
104,40 44405,00
104,90 39219,00
105,30 73856,00
105,70 52332,00
106,20 41577,00
106,60 67004,00
107,00 44768,00
107,50 60851,00
107,90 58152,00
108,30 33852,00
108,80 70379,00
109,20 28003,00
109,70 48839,00
110,10 62595,00
110,50 43823,00
111,00 48677,00
111,40 70493,00
111,80 96664,00
112,30 86530,00
112,70 83864,00
113,20 85307,00
113,60 73389,00
114,00 66518,00
114,50 58830,00
114,90 52344,00
115,30 66163,00
115,80 66101,00
116,20 80608,00
116,70 71157,00
117,10 82307,00
117,50 68760,00
118,00 51473,00
118,40 33199,00
118,80 36010,00
119,30 51821,00
119,70 45459,00
120,10 39863,00
120,60 74663,00
121,00 68619,00
121,50 55760,00
121,90 83003,00
122,30 71580,00
122,80 47045,00
123,20 66769,00
123,60 67581,00
124,10 60324,00
124,50 84510,00
125,00 93858,00
125,40 91676,00
125,80 75698,00
126,30 58928,00
126,70 55557,00
127,10 58422,00
127,60 64106,00
128,00 65586,00
128,40 68424,00
128,90 70574,00
129,30 67332,00
129,80 65386,00
130,20 51183,00
130,60 50037,00
131,10 37236,00
131,50 38159,00
131,90 34266,00
132,40 42669,00
132,80 84392,00
133,30 97063,00
133,70 1,1277E05
134,10 92998,00
134,60 91719,00
135,00 98755,00
135,40 1,1635E05
135,90 1,1751E05
136,30 1,6731E05
136,70 1,1873E05
137,20 65529,00
137,60 89374,00
138,10 1,31E05
138,50 1,1861E05
138,90 84021,00
139,40 69875,00
139,80 51366,00
140,20 48101,00
140,70 66093,00
141,10 64680,00
141,60 68609,00
142,00 72393,00
142,40 73741,00
142,90 76441,00
143,30 84070,00
143,70 77121,00
144,20 72973,00
144,60 76709,00
145,00 89171,00
145,50 99348,00
145,90 1,2513E05
146,40 1,0443E05
146,80 94420,00
147,20 74333,00
147,70 56221,00
148,10 64416,00
148,50 77099,00
149,00 77670,00
149,40 68068,00
149,90 44251,00
150,30 48631,00
150,70 64628,00
151,20 98165,00
151,60 1,1164E05
152,00 1,1451E05
152,50 1,1686E05
152,90 1,1317E05
153,30 1,0468E05
153,80 1,2915E05
154,20 1,4249E05
154,70 1,4844E05
155,10 1,5327E05
155,50 1,5595E05
156,00 1,212E05
156,40 1,0728E05
156,80 1,0286E05
157,30 59394,00
157,70 54466,00
158,20 63937,00
158,60 62158,00
159,00 65458,00
159,50 58561,00
159,90 84885,00
160,30 1,0655E05
160,80 1,4285E05
161,20 1,6335E05
161,70 1,4145E05
162,10 1,2386E05
162,50 1,251E05
163,00 1,1682E05
163,40 95239,00
163,80 74120,00
164,30 1,0142E05
164,70 92386,00
165,10 97979,00
165,60 76341,00
166,00 74335,00
166,50 74012,00
166,90 72832,00
167,30 87332,00
167,80 96847,00
168,20 86770,00
168,60 99063,00
169,10 1,0276E05
169,50 1,0522E05
170,00 1,041E05
170,40 1,0986E05
170,80 1,0469E05
171,30 93866,00
171,70 88290,00
172,10 80875,00
172,60 78918,00
173,00 72875,00
173,40 88970,00
173,90 84061,00
174,30 66491,00
174,80 88881,00
175,20 1,3596E05
175,60 1,3607E05
176,10 1,6248E05
176,50 1,7901E05
176,90 1,7865E05
177,40 1,4482E05
177,80 1,2831E05
178,30 1,1184E05
178,70 71708,00
179,10 52905,00
179,60 49024,00
180,00 39648,00
180,40 51458,00
180,90 52515,00
181,30 50143,00
181,70 39886,00
182,20 39835,00
182,60 47203,00
183,10 50557,00
183,50 64937,00
183,90 84789,00
184,40 1,4154E05
184,80 1,6496E05
185,20 1,8144E05
185,70 1,8427E05
186,10 1,6575E05
186,60 1,4054E05
187,00 1,0499E05
187,40 73024,00
187,90 57392,00
188,30 43206,00
188,70 29025,00
189,20 32342,00
189,60 38289,00
190,00 39910,00
190,50 60281,00
190,90 64120,00
191,40 1,0081E05
191,80 1,2945E05
192,20 1,4104E05
192,70 1,3127E05
193,10 1,2361E05
193,50 1,3175E05
194,00 1,2814E05
194,40 1,4314E05
194,90 1,2785E05
195,30 1,0213E05
195,70 77540,00
196,20 61846,00
196,60 60059,00
197,00 63324,00
197,50 74117,00
197,90 83193,00
198,30 84456,00
198,80 94045,00
199,20 1,1568E05
199,70 1,4149E05
200,10 1,3553E05
200,50 1,21E05
201,00 1,0938E05
201,40 83232,00
201,80 72550,00
202,30 70494,00
202,70 48982,00
203,20 35230,00
203,60 34729,00
204,00 54487,00
204,50 61549,00
204,90 77590,00
205,30 97023,00
205,80 1,2499E05
206,20 1,2381E05
206,70 1,0792E05
207,10 1,3796E05
207,50 1,5524E05
208,00 1,4355E05
208,40 1,3401E05
208,80 1,2307E05
209,30 1,1937E05
209,70 94850,00
210,10 77673,00
210,60 63105,00
211,00 73316,00
211,50 78162,00
211,90 61593,00
212,30 64692,00
212,80 82016,00
213,20 71147,00
213,60 68812,00
214,10 80465,00
214,50 72518,00
215,00 83329,00
215,40 93725,00
215,80 1,6124E05
216,30 1,6067E05
216,70 1,3548E05
217,10 1,4311E05
217,60 1,0394E05
218,00 80970,00
218,40 59487,00
218,90 42066,00
219,30 46280,00
219,80 76901,00
220,20 69554,00
220,60 52880,00
221,10 47605,00
221,50 37088,00
221,90 75806,00
222,40 1,1087E05
222,80 1,3552E05
223,30 1,509E05
223,70 1,7159E05
224,10 1,5997E05
224,60 1,5813E05
225,00 1,9102E05
225,40 2E05
225,90 2,0084E05
226,30 2,2543E05
226,70 2,0544E05
227,20 1,9438E05
227,60 1,8196E05
228,10 1,4682E05
228,50 1,3847E05
228,90 1,2057E05
229,40 1,1604E05
229,80 1,1064E05
230,20 1,2542E05
230,70 1,1754E05
231,10 1,3635E05
231,60 1,5801E05
232,00 1,4211E05
232,40 1,4842E05
232,90 1,099E05
233,30 1,1511E05
233,70 1,1889E05
234,20 1,3484E05
234,60 1,4272E05
235,00 1,4579E05
235,50 1,4986E05
235,90 1,6121E05
236,40 1,1946E05
236,80 92206,00
237,20 98417,00
237,70 93451,00
238,10 98033,00
238,50 88774,00
239,00 77899,00
239,40 68517,00
239,90 62502,00
240,30 47426,00
240,70 47370,00
241,20 48964,00
241,60 39365,00
242,00 53726,00
242,50 45982,00
242,90 46005,00
243,30 51860,00
243,80 56530,00
244,20 59799,00
244,70 76006,00
245,10 77913,00
245,50 1,2537E05
246,00 1,2529E05
246,40 1,6334E05
246,80 1,882E05
247,30 1,8795E05
247,70 1,4619E05
248,20 1,4033E05
248,60 1,6551E05
249,00 1,4072E05
249,50 1,0714E05
249,90 1,4488E05
250,30 1,6383E05
250,80 1,5125E05
251,20 1,4573E05
251,70 1,4861E05
252,10 1,5924E05
252,50 1,5038E05
253,00 1,6474E05
253,40 1,6217E05
253,80 1,464E05
254,30 1,3907E05
254,70 1,4024E05
255,10 1,1971E05
255,60 1,1867E05
256,00 1,1803E05
256,50 1,0398E05
256,90 90950,00
257,30 88658,00
257,80 83955,00
258,20 88428,00
258,60 82123,00
259,10 82159,00
259,50 78839,00
260,00 75694,00
260,40 97609,00
260,80 1,1279E05
261,30 98269,00
261,70 83149,00
262,10 83543,00
262,60 78892,00
263,00 88509,00
263,40 95514,00
263,90 78924,00
264,30 78362,00
264,80 64125,00
265,20 80737,00
265,60 91557,00
266,10 75937,00
266,50 77116,00
266,90 77443,00
267,40 69010,00
267,80 69296,00
268,30 78052,00
268,70 75223,00
269,10 65846,00
269,60 70438,00
270,00 75094,00
270,40 84566,00
270,90 1,0134E05
271,30 93004,00
271,70 89769,00
272,20 80616,00
272,60 81268,00
273,10 98989,00
273,50 1,1286E05
273,90 86168,00
274,40 73068,00
274,80 1,0529E05
275,20 84249,00
275,70 83765,00
276,10 81464,00
276,60 63082,00
277,00 69652,00
277,40 1,0614E05
277,90 90771,00
278,30 67714,00
278,70 64162,00
279,20 68730,00
279,60 61378,00
280,00 78384,00
280,50 75577,00
280,90 77872,00
281,40 84398,00
281,80 76926,00
282,20 78390,00
282,70 87049,00
283,10 98038,00
283,50 1,0478E05
284,00 1,1023E05
284,40 1,2063E05
284,90 1,2168E05
285,30 98801,00
285,70 98252,00
286,20 1,1367E05
286,60 1,1659E05
287,00 1,1548E05
287,50 1,1292E05
287,90 1,2067E05
288,30 1,0491E05
288,80 93684,00
289,20 87692,00
289,70 96087,00
290,10 84008,00
290,50 1,1026E05
291,00 1,1818E05
291,40 91139,00
291,80 82827,00
292,30 82618,00
292,70 1,0008E05
293,20 1,1614E05
293,60 1,3731E05
294,00 1,2871E05
294,50 1,2794E05
294,90 1,263E05
295,30 1,4084E05
295,80 1,4419E05
296,20 1,523E05
296,70 1,4875E05
297,10 1,6689E05
297,50 1,8948E05
298,00 2,1613E05
298,40 2,4061E05
298,80 2,0646E05
299,30 1,9176E05
299,70 1,5964E05
300,10 1,519E05
300,60 1,3758E05
301,00 1,4679E05
301,50 1,2871E05
301,90 1,1663E05
302,30 1,0573E05
302,80 85360,00
303,20 73862,00
303,60 75554,00
304,10 66919,00
304,50 71896,00
305,00 50313,00
305,40 46040,00
305,80 28120,00
306,30 31966,00
306,70 43086,00
307,10 48155,00
307,60 44890,00
308,00 47003,00
308,40 43342,00
308,90 47027,00
309,30 67118,00
309,80 67298,00
310,20 74721,00
310,60 84350,00
311,10 1,0393E05
311,50 1,0745E05
311,90 1,115E05
312,40 1,2539E05
312,80 1,2435E05
313,30 1,3247E05
313,70 1,4539E05
314,10 1,3066E05
314,60 1,1694E05
315,00 1,1389E05
315,40 95509,00
315,90 88099,00
316,30 78803,00
316,70 90696,00
317,20 85175,00
317,60 1,0795E05
318,10 94803,00
318,50 94970,00
318,90 1,1392E05
319,40 1,3923E05
319,80 1,8682E05
320,20 2,0925E05
320,70 1,9979E05
321,10 1,8185E05
321,60 1,7611E05
322,00 1,5705E05
322,40 1,6865E05
322,90 1,7495E05
323,30 1,7093E05
323,70 1,4723E05
324,20 1,4989E05
324,60 1,219E05
325,00 1,138E05
325,50 1,0707E05
325,90 1,141E05
326,40 1,2693E05
326,80 1,4671E05
327,20 1,6265E05
327,70 2,0057E05
328,10 1,8191E05
328,50 1,9762E05
329,00 2,2572E05
329,40 2,4821E05
329,90 2,2327E05
330,30 2,3701E05
330,70 2,4016E05
331,20 2,2018E05
331,60 1,9529E05
332,00 1,5241E05
332,50 1,1695E05
332,90 68946,00
333,30 66123,00
333,80 74592,00
334,20 94125,00
334,70 95909,00
335,10 99093,00
335,50 80671,00
336,00 1,0842E05
336,40 1,4344E05
336,80 1,3851E05
337,30 1,4454E05
337,70 1,3836E05
338,20 1,3276E05
338,60 1,2844E05
339,00 1,0614E05
339,50 85621,00
339,90 78596,00
340,30 58671,00
340,80 50243,00
341,20 44862,00
341,70 37603,00
342,10 34202,00
342,50 45127,00
343,00 49212,00
343,40 65930,00
343,80 74384,00
344,30 71799,00
344,70 96409,00
345,10 98384,00
345,60 1,0651E05
346,00 1,2826E05
346,50 1,4063E05
346,90 1,248E05
347,30 1,1066E05
347,80 80071,00
348,20 57801,00
348,60 36596,00
349,10 51164,00
349,50 60275,00
350,00 72543,00
350,40 77839,00
350,80 86966,00
351,30 96508,00
351,70 1,0473E05
352,10 1,0648E05
352,60 1,2453E05
353,00 1,2491E05
353,40 1,5638E05
353,90 1,5036E05
354,30 1,5165E05
354,80 1,3994E05
355,20 1,3831E05
355,60 1,3938E05
356,10 1,5106E05
356,50 1,2543E05
356,90 1,1912E05
357,40 1,2687E05
357,80 1,2439E05
358,30 1,199E05
358,70 1,4045E05
359,10 1,388E05
359,60 1,6921E05
